Index       V(VI)       N(XM1:MSKY130_FD_PR__NFET_01V8_LVT:VTH) N(XM1:MSKY130_FD_PR__NFET_01V8_LVT:GDS) N(XM1:MSKY130_FD_PR__NFET_01V8_LVT:GM) N(XM1:MSKY130_FD_PR__NFET_01V8_LVT:VDSAT) N(XM2:MSKY130_FD_PR__NFET_01V8:VTH) N(XM2:MSKY130_FD_PR__NFET_01V8:GDS) N(XM2:MSKY130_FD_PR__NFET_01V8:GM) N(XM2:MSKY130_FD_PR__NFET_01V8:VDSAT) ID(XM2:MSKY130_FD_PR__NFET_01V8) N(XM4:MSKY130_FD_PR__PFET_01V8:VTH) N(XM4:MSKY130_FD_PR__PFET_01V8:GDS) N(XM4:MSKY130_FD_PR__PFET_01V8:GM) N(XM4:MSKY130_FD_PR__PFET_01V8:VDSAT) N(XM5:MSKY130_FD_PR__PFET_01V8_HVT:VTH) N(XM5:MSKY130_FD_PR__PFET_01V8_HVT:GDS) N(XM5:MSKY130_FD_PR__PFET_01V8_HVT:GM) N(XM5:MSKY130_FD_PR__PFET_01V8_HVT:VDSAT)      I(VDD)            I(VSIG)            V(VI)           V(SUPPLY)    
0        0.00000000e+00    5.64236972e-01    7.46936954e-13    2.06171659e-11    4.73449629e-02    7.76024032e-01    2.79771288e-14    8.17811241e-13    4.30939241e-02    1.84021202e-12    3.04402558e-01    1.77244260e-05    1.76866451e-04    1.01906354e+00    3.84472243e-01    1.05998119e-05    1.36460562e-04    8.12904215e-01   -5.38046299e-02   -1.16493401e-67    0.00000000e+00    1.80000000e+00
1        1.00000000e-01    5.64236972e-01    8.92249039e-12    2.47178183e-10    4.73451992e-02    7.76024032e-01    3.87791644e-13    1.22722016e-11    4.30939267e-02    2.26345399e-12    3.04402558e-01    1.46690733e-05    1.68369020e-04    9.37153674e-01    3.84472243e-01    8.89409577e-06    1.26340660e-04    7.39174219e-01   -5.37742052e-02    0.00000000e+00    1.00000000e-01    1.80000000e+00
2        2.00000000e-01    5.64236972e-01    1.05896138e-10    2.94219110e-09    4.73480193e-02    7.76024032e-01    5.33205486e-12    1.83856072e-10    4.30939654e-02    8.60843735e-12    3.04402558e-01    1.20690951e-05    1.57821285e-04    8.59204431e-01    3.84472243e-01    7.41890423e-06    1.15647028e-04    6.69422705e-01   -5.37457757e-02    2.63583733e-66    2.00000000e-01    1.80000000e+00
3        3.00000000e-01    5.64236972e-01    1.22993012e-09    3.41915040e-08    4.73810921e-02    7.76024032e-01    7.24022623e-11    2.73711324e-09    4.30945434e-02    1.03307405e-10    3.04402558e-01    9.84470626e-06    1.45434637e-04    7.84300435e-01    3.84472243e-01    6.14024747e-06    1.04498692e-04    6.03046114e-01   -5.37195896e-02    4.00594264e-66    3.00000000e-01    1.80000000e+00
4        4.00000000e-01    5.64236972e-01    1.33565551e-08    3.69254678e-07    4.77465864e-02    7.76024032e-01    9.58287700e-10    3.97812870e-08    4.31030244e-02    1.49298053e-09    3.04402558e-01    7.94237447e-06    1.31529043e-04    7.11728159e-01    3.84472243e-01    5.03319300e-06    9.30584237e-05    5.39541302e-01   -5.36958665e-02    5.75668795e-65    4.00000000e-01    1.80000000e+00
5        5.00000000e-01    5.64236972e-01    1.22530348e-07    3.35656637e-06    5.11068701e-02    7.76024032e-01    1.18713153e-08    5.29838514e-07    4.32199334e-02    2.06579973e-08    3.04402558e-01    6.32350138e-06    1.16533837e-04    6.40976774e-01    3.84472243e-01    4.07816007e-06    8.15206490e-05    4.78488358e-01   -5.36748844e-02    9.49556775e-65    5.00000000e-01    1.80000000e+00
6        6.00000000e-01    5.64236970e-01    8.28509584e-07    2.33130604e-05    7.04415904e-02    7.76024031e-01    1.22841328e-07    5.37541236e-06    4.45329699e-02    2.37039616e-07    3.04402558e-01    4.95737434e-06    1.00955277e-04    5.71730596e-01    3.84472243e-01    3.25845720e-06    7.00872390e-05    4.19533996e-01   -5.36577035e-02    4.55787252e-64    6.00000000e-01    1.80000000e+00
7        7.00000000e-01    5.64236965e-01    3.16530148e-06    9.15593250e-05    1.19373981e-01    7.76024025e-01    8.44200319e-07    3.06309147e-05    5.35093824e-02    1.77356224e-06    3.04402558e-01    3.81699789e-06    8.53225895e-05    5.03854716e-01    3.84472243e-01    2.55859775e-06    5.89344171e-05    3.62382444e-01   -5.36488162e-02    2.97781005e-62    7.00000000e-01    1.80000000e+00
8        8.00000000e-01    5.64236960e-01    5.98089022e-06    1.62479569e-04    1.72202419e-01    7.76024006e-01    3.12167597e-06    8.71979420e-05    8.24483565e-02    7.47837360e-06    3.04402558e-01    2.87696903e-06    7.01290124e-05    4.37381733e-01    3.84472243e-01    1.96321459e-06    4.81787860e-05    3.06811791e-01   -5.36544534e-02    1.13642955e-61    8.00000000e-01    1.80000000e+00
9        9.00000000e-01    5.64236956e-01    7.89631596e-06    1.90765124e-04    2.09057755e-01    7.76023980e-01    6.55908610e-06    1.44161653e-04    1.27671141e-01    1.92202253e-05    3.04402558e-01    2.11279425e-06    5.57863150e-05    3.72515035e-01    3.84472243e-01    1.45683159e-06    3.78633744e-05    2.52753583e-01   -5.36735383e-02   -5.72772646e-62    9.00000000e-01    1.80000000e+00
10       1.00000000e+00    5.64236954e-01    9.38829062e-06    2.01293808e-04    2.34127546e-01    7.76023958e-01    9.79652294e-06    1.76470821e-04    1.72804293e-01    3.54507389e-05    3.04402558e-01    1.50118631e-06    4.26100787e-05    3.09671096e-01    3.84472243e-01    1.02551855e-06    2.80103302e-05    2.00498225e-01   -5.37012336e-02   -7.29259603e-62    1.00000000e+00    1.80000000e+00
11       1.10000000e+00    5.64236952e-01    1.07861298e-05    2.07981278e-04    2.53084715e-01    7.76023943e-01    1.23649506e-05    1.91919360e-04    2.11674830e-01    5.39635758e-05    3.04402558e-01    1.02098543e-06    3.08479782e-05    2.49583963e-01    3.84472243e-01    6.61925466e-07    1.88021202e-05    1.51077798e-01   -5.37342328e-02    1.08477366e-61    1.10000000e+00    1.80000000e+00
12       1.20000000e+00    5.64236951e-01    1.21531306e-05    2.13004021e-04    2.68990588e-01    7.76023933e-01    1.43677141e-05    1.99910919e-04    2.45124355e-01    7.35970454e-05    3.04402558e-01    6.54289704e-07    2.07466562e-05    1.93470468e-01    3.84472243e-01    3.72010617e-07    1.08369954e-05    1.06697901e-01   -5.37708965e-02    7.56606838e-62    1.20000000e+00    1.80000000e+00
13       1.30000000e+00    5.64236950e-01    1.34961827e-05    2.16435545e-04    2.83468514e-01    7.76023928e-01    1.59774116e-05    2.04299080e-04    2.74927413e-01    9.38305177e-05    3.04402558e-01    3.86885819e-07    1.26064630e-05    1.43166509e-01    3.84472243e-01    1.71763915e-07    5.04010547e-06    7.05995950e-02   -5.38101927e-02    5.40867539e-62    1.30000000e+00    1.80000000e+00
14       1.40000000e+00    5.64236950e-01    1.48195934e-05    2.18396410e-04    2.97466156e-01    7.76023927e-01    1.73222236e-05    2.06552091e-04    3.02426019e-01    1.14387571e-04    3.04402558e-01    2.06414501e-07    6.70970567e-06    1.00981074e-01    3.84472243e-01    6.35238444e-08    1.83801877e-06    4.54834044e-02   -5.38512326e-02   -1.76237737e-62    1.40000000e+00    1.80000000e+00
15       1.50000000e+00    5.64236951e-01    1.61304459e-05    2.19142078e-04    3.11582174e-01    7.76023928e-01    1.84870896e-05    2.07378996e-04    3.28523946e-01    1.35093711e-04    3.04402558e-01    9.80009959e-08    3.06609633e-06    6.89573055e-02    3.84472243e-01    1.99085408e-08    5.58144061e-07    3.12163254e-02   -5.38932448e-02   -2.36705513e-61    1.50000000e+00    1.80000000e+00
16       1.60000000e+00    5.64236952e-01    1.74371509e-05    2.18944256e-04    3.26213661e-01    7.76023932e-01    1.95281586e-05    2.07206892e-04    3.53828472e-01    1.55829325e-04    3.04402558e-01    4.16496235e-08    1.21814900e-06    4.76879900e-02    3.84472243e-01    5.90300914e-09    1.60526211e-07    2.46829329e-02   -5.39356572e-02   -7.06470240e-63    1.60000000e+00    1.80000000e+00
17       1.70000000e+00    5.64236954e-01    1.87483356e-05    2.18032948e-04    3.41631640e-01    7.76023937e-01    2.04835785e-05    2.06320608e-04    3.78755993e-01    1.76509739e-04    3.04402558e-01    1.62134527e-08    4.43094688e-07    3.56492148e-02    3.84472243e-01    1.74813715e-09    4.68818143e-08    2.22047371e-02   -5.39781050e-02    2.40807598e-62    1.70000000e+00    1.80000000e+00
18       1.80000000e+00    5.64236956e-01    2.00724108e-05    2.16584923e-04    3.58024121e-01    7.76023945e-01    2.13802026e-05    2.04917177e-04    4.03598563e-01    1.97074057e-04    3.04402558e-01    5.89730399e-09    1.55337412e-07    2.98963446e-02    3.84472243e-01    5.10928200e-10    1.36778847e-08    2.13865047e-02   -5.40203733e-02    1.14782423e-61    1.80000000e+00    1.80000000e+00
End of Xyce(TM) Simulation
